1
2
3
4
5
6

76

6
				123123123123123123123123
	12312312312312312312312				3123123123123123123123123
123123123123123123123123					123123123123123123123123
123123123123123123123123					123123123123123123123123
123123123123123123123123					123123123123123123123123
123123123123123123123123					123123123123123123123123
123123123123123123123123					123123123123123123123123
123123123123123123123123					123123123123123123123123
123123123123123123123123					123123123123123123123123
123123123123123123123123					123123123123123123123123
123123123123123123123123					123123123123123123123123
123123123123123123123123					123123123123123123123123
123123123123123123123123					123123123123123123123123
123123123123123123123123					123123123123123123123123
123123123123123123123123					123123123123123123123123
123123123123123123123123					123123123123123123123123
123123123123123123123123					123123123123123123123123
123123123123123123123123					123123123123123123123123
123123123123123123123123					123123123123123123123123
1231231	12312312312312312312312				312312312312312312312312323123123123123123					123123123123123123123123